0  0  0
1  0  3219
2  0  3035
3  0  3346
4  0  1006
5  0  1797
6  0  2456
7  0  1307
8  0  993
9  0  -1575
10  0  -13
11  0  1618
12  0  2425
13  0  2847
14  0  -272
15  0  -16
16  0  41
17  0  1134
18  0  2319
19  0  506
20  0  1769
21  0  2058
22  0  3807
23  0  4526
24  0  1695
25  0  803
26  0  -1497
27  0  -732
28  0  -38
29  0  -1167
30  0  -415
31  0  -1573
32  0  383
33  0  1380
34  0  802
35  0  1009
36  0  -1242
37  0  -72
38  0  251
39  0  511
40  0  1341
41  0  -422
42  0  775
43  0  318
44  0  509
45  0  829
46  0  -998
47  0  129
48  0  -557
49  0  382
50  0  1091
51  0  93
52  0  1420
53  0  238
54  0  966
55  0  943
56  0  117
57  0  1454
58  0  210
59  0  1096
60  0  543
61  0  -56
62  0  1190
63  0  60
64  0  1205
65  0  293
66  0  65
67  0  1246
68  0  315
69  0  1330
70  0  -658
71  0  -1530
72  0  -1208
73  0  -1699
74  0  368
75  0  -631
76  0  -156
77  0  588
78  0  880
79  0  3074
80  0  1338
81  0  724
82  0  -458
83  0  -738
84  0  1636
85  0  879
86  0  1404
87  0  117
88  0  -80
89  0  1787
90  0  781
91  0  1000
92  0  -1237